PARTE 1

#	ResponseTime	sigma(ResponseTime)	Utilization_net	sigma(Utilization_net)	Utilization_cpu	sigma(Utilization_cpu)	Utilization_disk	sigma(Utilization_disk)
0.434831258407182	0.0016207369101978305	0.301636952677224	0.0014278612637812686	0.601819184880976	0.0012009208133370011	0.40068597571043396	0.000872775272235666


Quando si ha una variabile Gaussiana la confidenza si esprime come:
mu +- sigma -> 67 %

net: 20 +- 0.0014278612637812686 -> 67%
cpu: 10 +- 0.0012009208133370011 -> 67%
dis: 15 +- 0.000872775272235666  -> 67%

Qual e' il componente collo di bottiglia?
U = Si * Xi dove Utilizz = tempo di servizio * throughput
Di conseguenza through = Ut/tempo di serv.

Quindi:
throughput_net = 0.30/(1/mu_n) = 0.30*20 = 6
throughput_cpu = 0.60/(1/mu_c) = 0.60*10 = 6
throughput_dis = 0.40/(1/mu_d) = 0.40*15 = 6

Il collo di bottiglia si presume sia la CPU (?)

------------------------------------

PARTE 2

#lambda	ResponseTime_sink	sigma(ResponseTime_sink)	Utilization_net	sigma(Utilization_net)	Utilization_cpu	sigma(Utilization_cpu)	Utilization_disk	sigma(Utilization_disk)	DroppedJobs_net	sigma(DroppedJobs_net)	DroppedJobs_cpu	sigma(DroppedJobs_cpu)	DroppedJobs_disk	sigma(DroppedJobs_disk)	QLen_net	sigma(QLen_net)	QLen_cpu	sigma(QLen_cpu)	QLen_disk	sigma(QLen_disk)
6.0	0.434831258407182	0.0016207369101978305	0.301636952677224	0.0014278612637812686	0.601819184880976	0.0012009208133370011	0.40068597571043396	0.000872775272235666	0.0	0.0	0.0	0.0	0.0	0.0	0.12992579175309799	0.0018102878895791237	0.9150966706001921	0.006530970349120897	0.26575832190033	0.003219269709578882
7.0	0.53935085859103	0.004585621598523668	0.350083942902138	0.00042131073446225435	0.702212922913712	0.0015388015902026318	0.46766205897352797	0.0032405275948921165	0.0	0.0	0.0	0.0	0.0	0.0	0.187499633013604	0.0024947369320744523	1.6631343260028202	0.030126827898919028	0.40938488022902	0.010930732862165395
7.1	0.5495194099849441	0.008080048850280328	0.35568507852111797	0.002184780424397561	0.7114936112654561	0.00450312523141848	0.474802574376748	0.00456453845188106	0.0	0.0	0.0	0.0	0.0	0.0	0.19555046657789	0.004229429947678589	1.739653963772	0.052938939831887896	0.4310553690592339	0.01289078107852122
7.2	0.5598540059474401	0.009795256089026661	0.359669404182706	0.0025487928625649867	0.719614893138306	0.006528331437985119	0.47872222957960797	0.0025767269070617687	0.0	0.0	0.0	0.0	0.0	0.0	0.20209224919385602	0.0031168469055693603	1.82526396019332	0.07548193858676198	0.441627142285238	0.007403215691481067
7.3	0.577769909902792	0.006563592108925243	0.36636126776171996	0.0009394711975906522	0.730125224395622	0.0017244796422323577	0.487700596440978	0.002593068313181573	0.0	0.0	0.0	0.0	0.0	0.0	0.21256831251807	0.002920328151264908	1.96153619884468	0.04595372146743714	0.465511237651752	0.00773092620708747
7.4	0.597145393826756	0.012555749108580523	0.37062076921193804	0.0015647388581738716	0.740433349232892	0.00468701956589855	0.49444531777809997	0.0018520978663498322	0.0	0.0	0.0	0.0	0.0	0.0	0.21753970442283	0.0031931604755744817	2.1157363098798596	0.09906339200325319	0.484972496301146	0.0034522427771415355
7.5	0.617637641177664	0.007215851968598857	0.37505264234827196	0.002372525350048717	0.7503414754119759	0.00268526899444426	0.501948507420924	0.001993523755237884	0.0	0.0	0.0	0.0	0.0	0.0	0.226404576690946	0.004931824129837289	2.2771543556318	0.04511461381877436	0.506337282785404	0.00801997462236798
7.6	0.6328431214962119	0.00969286919265266	0.380174455832044	0.0018760922302233003	0.759486715602988	0.0039640963878524605	0.506570955306584	0.0010555745184485205	0.0	0.0	0.0	0.0	0.0	0.0	0.233068334260054	0.0037403113114809756	2.4107173530193604	0.07493632430143145	0.518957587022716	0.007983137838482932
7.7	0.6573054045070179	0.012367041183226481	0.38542949136042204	0.003093309875207637	0.770954602507716	0.006222368318185104	0.513539446606148	0.0016275158727571985	0.0	0.0	0.0	0.0	0.0	0.0	0.241438225435448	0.006751498873998877	2.6092704072447197	0.10210271506189898	0.5437358412298281	0.00873020168110606
7.8	0.67794211317741	0.013029977807426336	0.390075579123254	0.0022114682538425185	0.78192871324363	0.0043439348989683865	0.520954194579244	0.0020581049591581577	0.0	0.0	0.0	0.0	0.0	0.0	0.247628974371138	0.003996408997077794	2.78742002331816	0.10110543887234899	0.565870784599524	0.005098102878908867
7.9	0.701878650024598	0.010124995960346238	0.39459156171245396	0.002105906260763472	0.789937811181708	0.0023774695604213887	0.527607944341256	0.0029588161528776814	0.0	0.0	0.0	0.0	0.0	0.0	0.25713579250134605	0.003439918481611589	2.9906791299666997	0.08431989207024189	0.5856149692969159	0.008580176026061148
8.0	0.7218326539643641	0.009503136388900194	0.399996259200244	0.0012104961764664505	0.8002507426094141	0.0037845428275517807	0.5332774290971221	0.0013342491901552453	0.0	0.0	0.0	0.0	0.0	0.0	0.26509759662506205	0.0029318165209244215	3.1685268996966203	0.08719266568525356	0.607146414621802	0.006382576314790455
8.5	0.926341920269316	0.044334214789874364	0.424800427863242	0.0014879540813986902	0.851610031206452	0.006018327072876647	0.56852064770267	0.002143154368967572	0.0	0.0	0.0	0.0	0.0	0.0	0.313556070155836	0.005954129442581621	4.98245166416328	0.37795094760464015	0.742666757946762	0.013034444645567878
10.0	28.346258222394802	17.974814992644372	0.501289167449208	0.002194266947566888	0.997612813050298	0.0017187043533369033	0.66488394003907	0.00446193402825208	0.0	0.0	0.0	0.0	0.0	0.0	0.50913950094452	0.006986688933611718	279.806009699852	180.43377644638377	1.3190146010222399	0.043610092858761856
12.0	836.69949929381	29.037713113144306	0.6008173452314021	0.0028833006197442205	0.9998867158325939	0.00012417470775337908	0.665461841354164	0.0023768948121907947	0.0	0.0	0.0	0.0	0.0	0.0	0.9031382485448379	0.013030660515657728	10055.1055922428	352.10347896960644	1.33682078193532	0.031098994702897627
15.0	1674.26256264568	12.243122212534454	0.749839203223962	0.0021802738713707455	0.999967163032918	2.5291037770974254e-05	0.667334736973522	0.0025225492266221917	0.0	0.0	0.0	0.0	0.0	0.0	2.2504449625242997	0.07774964243863201	25066.6572485018	211.33649715900336	1.33548833955054	0.03698976662746019

Qual e' il valore massimo di 位 che garantisce un valore di tempo di risposta Tr < 0.7s?
位 < 7.9

----------------------------------

PARTE 3

#lambda	ResponseTime_sink	sigma(ResponseTime_sink)	Utilization_net	sigma(Utilization_net)	Utilization_cpu	sigma(Utilization_cpu)	Utilization_cpu2	sigma(Utilization_cpu2)	Utilization_disk	sigma(Utilization_disk)	DroppedJobs_net	sigma(DroppedJobs_net)	DroppedJobs_cpu	sigma(DroppedJobs_cpu)	DroppedJobs_disk	sigma(DroppedJobs_disk)	QLen_net	sigma(QLen_net)	QLen_cpu	sigma(QLen_cpu)	QLen_cpu2	sigma(QLen_cpu2)	QLen_disk	sigma(QLen_disk)
6.0	0.303307869329586	0.0011512780590544251	0.300090716244618	0.0014619572264893722	0.300245086161498	0.0012182429328358713	0.299276910857788	0.001655096471877305	0.399261049668604	0.002843275129886379	0.0	0.0	0.0	0.0	0.0	0.0	0.12859898512015402	0.0008736169325098529	0.0646472265419068	0.0013505196587360747	0.0648160677198476	0.0015580277356047922	0.261435078109288	0.003485525531843683
7.0	0.32961452337794006	0.0012524204309269868	0.349709974294376	0.001900160610226865	0.35074522914306405	0.0013066886668312743	0.34974510216629795	0.0023459760903047047	0.46662991511892005	0.0023703646304590867	0.0	0.0	0.0	0.0	0.0	0.0	0.188634083829694	0.002981145518172532	0.10357595617470002	0.0012119025110410337	0.10161834301381041	0.0027294672607940094	0.39628316746889203	0.006063848675628339
7.1	0.332672559775986	0.001124627885958718	0.35511248822879804	0.0025355628476117537	0.35637785482135	0.0015112683418593634	0.35441307381089804	0.002934926233949583	0.47321280527614207	0.0013466156501525835	0.0	0.0	0.0	0.0	0.0	0.0	0.19538883421663	0.002902233410644008	0.107963994517838	0.001182633208944554	0.1056482019710792	0.003233176272746472	0.41435807106770994	0.005603545069724587
7.7	0.349442970201452	0.0019950983528174934	0.38401590277993797	0.0018263249944438413	0.38415146200599404	0.001322148748010002	0.383942238631154	0.001946916791250046	0.51075886773694	0.0016075240712158027	0.0	0.0	0.0	0.0	0.0	0.0	0.23640396874216402	0.003075061818696496	0.13537402488942202	0.001411821266791877	0.13402658045631602	0.006385295605824499	0.514986373923524	0.006148225063543547
7.9	0.356289074476546	0.002114591291192611	0.39309760396631394	0.002723018420438425	0.39296412066481007	0.0033074021082361393	0.394401522878732	0.002177767513958045	0.52383167214726	0.0019578993816925473	0.0	0.0	0.0	0.0	0.0	0.0	0.252697161552762	0.005763053136398895	0.14468959196125802	0.005166028088799162	0.14408138213966398	0.004073742754609626	0.5594321112003461	0.0072984264751078986
8.0	0.36283625069888004	0.002206333019399527	0.398894361705442	0.0027168182675446685	0.39859839973966793	0.002739938182813989	0.40146221864974396	0.0006276171120830941	0.534034324901952	0.002589041162510164	0.0	0.0	0.0	0.0	0.0	0.0	0.26457186255194004	0.005449634464460621	0.15259770906208603	0.002898453949136277	0.153838567720724	0.005010260634777592	0.5974406822172501	0.009686296295063306
8.5	0.382581514416854	0.0026820369836767096	0.42432982839021405	0.0020439214682692395	0.423742723107416	0.0017877448306633523	0.42536660349206007	0.0024162562741763026	0.5682597399631081	0.002385127025584538	0.0	0.0	0.0	0.0	0.0	0.0	0.312425992242802	0.003452326519294825	0.18194452222003601	0.0031172533288630305	0.18233240695374003	0.005138726358211655	0.733580927841368	0.01638185597409879
10.0	0.458163653024786	0.002099708172562302	0.5010352974001899	0.0017059783086419806	0.50142468263738	0.0016607685488709242	0.50065473309306	0.0034104819860422617	0.667380927120774	0.00376805502636475	0.0	0.0	0.0	0.0	0.0	0.0	0.50236922743634	0.00680308203967843	0.313490306674788	0.0036316881360642047	0.30931360138699804	0.006045699311699147	1.2922992035811198	0.01270588959240304
12.0	0.6565141289145561	0.0062823753221036205	0.6026598932901279	0.0017695820635728686	0.601944938125046	0.002880195585294973	0.602446962545978	0.001636109498286095	0.801382409784218	0.002596931668765088	0.0	0.0	0.0	0.0	0.0	0.0	0.913651798233022	0.010032018366237648	0.587046158595312	0.016544107405340378	0.5955383500343081	0.008973124972335319	3.19400085700184	0.08176503499074726
12.1	0.6715871921057059	0.005075794789247441	0.606890552980528	0.003050809145829032	0.605526813164242	0.0025112331753408454	0.605389328230502	0.0025943857395218095	0.807416345465214	0.0016830973123034686	0.0	0.0	0.0	0.0	0.0	0.0	0.94314282981486	0.01574288462621053	0.610215639462736	0.008493847562188914	0.619846161475948	0.013103069870784804	3.3387348595735196	0.061226397271371885
12.2	0.684171508473552	0.007117364424024282	0.6106793634461439	0.002167639696321462	0.60937284530492	0.0031934768152365274	0.6093084685722401	0.0019511088449378135	0.812651441606754	0.003479663555449514	0.0	0.0	0.0	0.0	0.0	0.0	0.965095759761768	0.016810572886246586	0.6308101002155461	0.012114754212530878	0.6256967194312419	0.00861962142834776	3.4828739840646596	0.07503230333612082
12.3	0.7052052048467321	0.02146980542268326	0.61458074263383	0.002274099364928476	0.61459826623866	0.003173315544261456	0.6155528883957059	0.0016639677815325025	0.8184387212044439	0.004911189306862245	0.0	0.0	0.0	0.0	0.0	0.0	0.9883791386271819	0.023658137864887626	0.65089691587341	0.018766456786417512	0.6570817285481861	0.01248073301456694	3.7113194694938003	0.24246271473224182
12.4	0.710141775648772	0.006746248700717365	0.621013546152196	0.0013594157587712584	0.620277838521086	0.002732027875142533	0.6199506845643821	0.0037017816534295036	0.8243421026172341	0.002959145070353808	0.0	0.0	0.0	0.0	0.0	0.0	1.0170447819189121	0.020537092617032994	0.667812233110586	0.006386091051725119	0.669408367599096	0.015446286156352244	3.7653585046074	0.07497572017999334
12.5	0.735874756364988	0.015918607266838365	0.623836613246288	0.0028907916989963775	0.624998901598596	0.0019750668447755457	0.625823095508432	0.0024747726315268114	0.832036423689288	0.004007990133586275	0.0	0.0	0.0	0.0	0.0	0.0	1.0400900035242402	0.017087479159135686	0.696549347778426	0.011460129167936822	0.7037984110200519	0.02008420312209226	4.04798644927732	0.18653253512055593
13.0	0.859590338561792	0.027459680905566594	0.6504481730497059	0.002860617281852971	0.6482304374876581	0.0025517626187832663	0.64965733158762	0.0019755350687904304	0.86666805541606	0.004113758722966039	0.0	0.0	0.0	0.0	0.0	0.0	1.22011853913874	0.0335046497517701	0.801904172692096	0.016782142676661744	0.8185797637358199	0.00879449487084852	5.52048110413276	0.35125899697846213
13.5	1.06075517703496	0.03501970991004152	0.675400523892902	0.002244213064017189	0.674078102317736	0.0018107083975092378	0.67567488639694	0.004124808169297902	0.90021933782533	0.00439314007369714	0.0	0.0	0.0	0.0	0.0	0.0	1.3980908094006599	0.03188882056436378	0.9369581256970481	0.024814534446492224	0.942617121304924	0.035398567700424315	8.124233728369761	0.46034327629125976
14.0	1.4324303614472402	0.032888653283182405	0.700454313193306	0.002260632322977089	0.700790026235928	0.00305715155985289	0.7019400500695621	0.003186175873193269	0.9333298408640239	0.002662591207635395	0.0	0.0	0.0	0.0	0.0	0.0	1.6528565788035199	0.04033751076346245	1.1413677527211201	0.03400226889475294	1.15026496429276	0.026491197737246168	13.093072458101	0.455077335194622
15.0	18.04493541368974	7.708063933745503	0.7500120438304381	0.001805304424246202	0.750191363595924	0.003176537237507785	0.7514293946194239	0.0024480256997561453	0.9974507152318761	0.0011619309978320362	0.0	0.0	0.0	0.0	0.0	0.0	2.2498339259168	0.04832034913050721	1.59875189693546	0.052801441203632726	1.6031335281095203	0.03540474570127303	262.095230687154	115.79751485891192
15.5	161.15013662978802	23.93832674286406	0.775548314632234	0.0034355350960370485	0.775875127203816	0.0021126622698013115	0.776415006529838	0.0035366897905937233	0.9995562212663941	0.00013396151759706505	0.0	0.0	0.0	0.0	0.0	0.0	2.69271783349076	0.10509149346225356	1.88268659539446	0.08194119720999253	1.9066803514319797	0.06048126540684702	2488.9752281561005	368.6935673548583
16.0	310.12660373727397	13.160262209965795	0.8017420423302859	0.0023265475668066476	0.8006688096207741	0.0025676868117052673	0.80174227069299	0.003856661648666845	0.999818011349846	9.277987352299755e-05	0.0	0.0	0.0	0.0	0.0	0.0	3.24776493579986	0.06691350933722609	2.320051084842	0.044298388967440296	2.33449975182588	0.08530354930140427	4956.34117621872	211.32929770526582

Il collo di bottiglia si presume sia il disco (?)

Qual e' il valore massimo di 位 che garantisce un valore di tempo di risposta Tr < 0.7s?
位 < 12.2 circa